0  305
1  0
2  51
3  0
4  0
5  45
6  15
7  29
8  1
9  4
10  1
11  2
12  7
13  10
14  39
15  68
16  87
17  117
18  287
19  250
20  208
21  275
22  291
23  282
24  294
25  311
26  322
27  322
28  316
29  276
30  272
31  224
32  239
33  230
34  226
35  246
36  211
37  210
38  192
39  194
40  237
41  201
42  209
43  196
44  192
45  211
46  191
47  178
48  171
49  194
50  219
51  129
52  137
53  116
54  125
55  117
56  84
57  71
58  55
59  67
60  67
61  34
62  46
63  49
64  40
65  49
66  26
67  29
68  25
69  35
70  28
71  21
72  16
73  9
74  22
75  13
76  11
77  9
78  4
79  3
80  9
